³9⁴ ‘EX ORIGENE

Ι Τ44 44444] Τ4444 44444444 44 ’444444444, 44 444
4444444 444 ’·4444 444 mmmmm 44· 444 4444-
4444 44 {Eum 44444 444β4ι’ 444 44, 44444 444 444
dm, 444 44· 444 44444 44444 44 4444444· 4444 {M—
ο444 444 444444 44444444 444β4ι’ 444 44, 4444444444
cu 444 44444· 444 4444444 4444444 4444444’ 444 44, d'ya·
Ι,4444 44 444 44444. 44444 4444444444, 4444444 ὁ 444
4444444 444 4444444 44444444 44444444, 4444 7102«-
444, 4 444 44444. 444 444 4444 44444444θ4444 44444-
’λ444 44 444444 454444 444 444444, ὁ 444 44444 {2711-
4444 444444 4444444444. iar 44 444 444444434444 α’λ-
, mma 44 444444, 4χὸ 444 44444 {affin-&149² 444444
4444444444, dm* 4 444 44444. 4 44χ4, 44 44444 444

444444 44444444, 444 444 4444444444 444444 44
. 4444 44444444.

’44444444 444 4444 44444 44444444 44 34444, 444 4444

- 44444444 4444 ἐν 4444444444, 44. 4.] 144 4444444444

371 444 4444444444 44444 44444444 444 444Η 4444444 444-

444 44 44444444 44 ἰχθρ 44.
Tu 44444] Am 444 4449444444 noym ⁶⁷¹⁰MV‘.

44444 444 4444 44444 4 44444444444 44444 44444. 44 λ4γ4
, 444 444 444444444444444444644 44 44444444444444 ἐφιε-
44444, 444 444444 444444444444 444 ἐξ444444 44444444
44444494 44444, 44444444 44444, 444 4444444444
44444, 44444444 dmm 4444 444 444444, ,44444444 44
444 42494444 444 2444444 4,44 4..4 ⁶3] Tnv 4444444444 444
4944 {05⁰ 444 44 ἐχθρω 444 >cete 44 4444 444444444444
ΜΗΘ 44444444. 444444 44 44444444 444 444444 444 4444
4344444 44244444 444 9444.
Tu 44444] 4444441444 444 444ξ4444 444444 4444.
4444 944444 My& 344.ρ 444 4444· 44444444 yae, mmm
34444 444· 444 444 444 4346444 444 w’egyemnc 9444444 44
&em 4444444444 4 44444 4444444 44 θ44. 4444444444 44
. >we 44 44444 44444444, 11 444 0‘5701 44 44444444 444 444·
444, οἷς 4444444444 44444444, 44 444 βελομενοι 444444·
va 4444 444 4444444444 44484444 444444. 24444 &m

17⁰³ss a

χ v

 

